33	99	100	13.8000000000000	60	0	0.0600000000000000	0	0.0586000000000000	0	0	0	0	0	0	1
99	88	100	230	60	0	0	0.0119000000000000	0.100800000000000	0.209000000000000	0	0	0	0	0	1
88	77	100	230	60	0	0	0.00850000000000000	0.0720000000000000	0.149000000000000	0	0	0	0	0	1
22	77	100	18	60	0	0.0782608695652174	0	0.0625000000000000	0	0	0	0	0	0	1
77	55	100	230	60	0	0	0.0320000000000000	0.161000000000000	0.306000000000000	0	0	0	0	0	1
55	44	100	230	60	0	0	0.0100000000000000	0.0850000000000000	0.176000000000000	0	0	0	0	0	1
11	44	100	16.5000000000000	60	0	0.0717391304347826	0	0.0576000000000000	0	0	0	0	0	0	1
44	66	100	230	60	0	0	0.0170000000000000	0.0920000000000000	0.158000000000000	0	0	0	0	0	1
66	99	100	230	60	0	0	0.0390000000000000	0.170000000000000	0.358000000000000	0	0	0	0	0	1


0


11	100	16.5000000000000	1.04000000000000	0	0	0	0	0	0	0	0	1


22	100	18	1.63000000000000	1.02500000000000	0	0	0	0	0	1
33	100	13.8000000000000	0.850000000000000	1.02500000000000	0	0	0	0	0	1


55	100	230	1.25000000000000	0.500000000000000	0	0	0	1
66	100	230	0.900000000000000	0.300000000000000	0	0	0	1
88	100	230	1	0.350000000000000	0	0	0	1