1	2	100	1	50	0	0	0	1.51515151515152	0	0	0	0	0	0	1
3	4	100	1	50	0	0	0	1.51515151515152	0	0	0	0	0	0	1
5	6	100	1	50	0	0	0	1.51515151515152	0	0	0	0	0	0	1
7	8	100	1	50	0	0	0	1.51515151515152	0	0	0	0	0	0	1
9	10	100	1	50	0	0	0	1.51515151515152	0	0	0	0	0	0	1
11	12	100	1	50	0	0	0	1.51515151515152	0	0	0	0	0	0	1
13	14	100	1	50	0	0	0	1.51515151515152	0	0	0	0	0	0	1
15	16	100	1	50	0	0	0	1.51515151515152	0	0	0	0	0	0	1
17	18	100	1	50	0	0	0	1.51515151515152	0	0	0	0	0	0	1
19	20	100	1	50	0	0	0	1.51515151515152	0	0	0	0	0	0	1
21	22	100	1	50	0	0	0	0.909090909090909	0	0	0	0	0	0	1
23	24	100	1	50	0	0	0	0.909090909090909	0	0	0	0	0	0	1
25	26	100	1	50	0	0	0	0.909090909090909	0	0	0	0	0	0	1
27	28	100	1	50	0	0	0	0.909090909090909	0	0	0	0	0	0	1
29	30	100	1	50	0	0	0	0.909090909090909	0	0	0	0	0	0	1
31	32	100	1	50	0	0	0	0.909090909090909	0	0	0	0	0	0	1
33	34	100	1	50	0	0	0	0.909090909090909	0	0	0	0	0	0	1
35	36	100	1	50	0	0	0	0.909090909090909	0	0	0	0	0	0	1
37	38	100	1	50	0	0	0	0.909090909090909	0	0	0	0	0	0	1
39	40	100	1	50	0	0	0	0.909090909090909	0	0	0	0	0	0	1
2	4	100	1	50	0	0	0.0236250000000000	0.0103250000000000	0	0	0	0	0	0	1
4	6	100	1	50	0	0	0.0236250000000000	0.0103250000000000	0	0	0	0	0	0	1
6	8	100	1	50	0	0	0.0236250000000000	0.0103250000000000	0	0	0	0	0	0	1
10	12	100	1	50	0	0	0.0236250000000000	0.0103250000000000	0	0	0	0	0	0	1
12	14	100	1	50	0	0	0.0236250000000000	0.0103250000000000	0	0	0	0	0	0	1
14	16	100	1	50	0	0	0.0236250000000000	0.0103250000000000	0	0	0	0	0	0	1
16	18	100	1	50	0	0	0.0236250000000000	0.0103250000000000	0	0	0	0	0	0	1
18	20	100	1	50	0	0	0.0236250000000000	0.0103250000000000	0	0	0	0	0	0	1
8	41	100	1	50	0	0	0.0236250000000000	0.0103250000000000	0	0	0	0	0	0	1
22	24	100	1	50	0	0	0.0337500000000000	0.0147500000000000	0	0	0	0	0	0	1
24	26	100	1	50	0	0	0.0337500000000000	0.0147500000000000	0	0	0	0	0	0	1
26	28	100	1	50	0	0	0.0337500000000000	0.0147500000000000	0	0	0	0	0	0	1
28	30	100	1	50	0	0	0.0337500000000000	0.0147500000000000	0	0	0	0	0	0	1
32	34	100	1	50	0	0	0.0337500000000000	0.0147500000000000	0	0	0	0	0	0	1
34	36	100	1	50	0	0	0.0337500000000000	0.0147500000000000	0	0	0	0	0	0	1
36	38	100	1	50	0	0	0.0337500000000000	0.0147500000000000	0	0	0	0	0	0	1
38	40	100	1	50	0	0	0.0337500000000000	0.0147500000000000	0	0	0	0	0	0	1
22	42	100	1	50	0	0	0.0337500000000000	0.0147500000000000	0	0	0	0	0	0	1
20	41	100	1	50	0	0	0.0405000000000000	0.0177000000000000	0	0	0	0	0	0	1
41	43	100	1	50	0	0	0.0405000000000000	0.0177000000000000	0	0	0	0	0	0	1
32	42	100	1	50	0	0	0.0607500000000000	0.0265500000000000	0	0	0	0	0	0	1
42	43	100	1	50	0	0	0.0607500000000000	0.0265500000000000	0	0	0	0	0	0	1
43	44	100	1	50	0	0	0	0.113636363636364	0	0	0	0	0	0	1
44	45	100	1	50	0	0	0.0494490358126722	0.282369146005510	0.00566628480000000	0	0	0	0	0	1
45	46	100	1	50	0	0	0.00412075298438935	0.0235307621671258	0.000472190400000000	0	0	0	0	0	1


45	100	1	50	0	0.150000000000000	1


46	220	1	1.03000000000000	0	0	0	0	0	0	0	0	1


1	3.30000000000000	1	0.700000000000000	1	0	0	0	0	0	1
3	3.30000000000000	1	0.710526315789474	1	0	0	0	0	0	1
5	3.30000000000000	1	0.721052631578947	1	0	0	0	0	0	1
7	3.30000000000000	1	0.731578947368421	1	0	0	0	0	0	1
9	3.30000000000000	1	0.742105263157895	1	0	0	0	0	0	1
11	3.30000000000000	1	0.752631578947368	1	0	0	0	0	0	1
13	3.30000000000000	1	0.763157894736842	1	0	0	0	0	0	1
15	3.30000000000000	1	0.773684210526316	1	0	0	0	0	0	1
17	3.30000000000000	1	0.784210526315790	1	0	0	0	0	0	1
19	3.30000000000000	1	0.794736842105263	1	0	0	0	0	0	1
21	5.50000000000000	1	0.805263157894737	1	0	0	0	0	0	1
23	5.50000000000000	1	0.815789473684211	1	0	0	0	0	0	1
25	5.50000000000000	1	0.826315789473684	1	0	0	0	0	0	1
27	5.50000000000000	1	0.836842105263158	1	0	0	0	0	0	1
29	5.50000000000000	1	0.847368421052632	1	0	0	0	0	0	1
31	5.50000000000000	1	0.857894736842105	1	0	0	0	0	0	1
33	5.50000000000000	1	0.868421052631579	1	0	0	0	0	0	1
35	5.50000000000000	1	0.878947368421053	1	0	0	0	0	0	1
37	5.50000000000000	1	0.889473684210526	1	0	0	0	0	0	1
39	5.50000000000000	1	0.900000000000000	1	0	0	0	0	0	1


45	100	1	2.60000000000000	0	0	0	0	1