19	15	100	1	0	0	0	0.00139000000000000	0.0165900000000000	0.999985000000000	0	0	0	0	0
15	12	100	1	0	0	0	0.00306000000000000	0.0374400000000000	2.33348000000000	0	0	0	0	0
12	10	100	1	0	0	0	0.00401000300000000	0.0509800000000000	3.32638500000000	0	0	0	0	0
10	1008	100	1	0	0	0	0.00275000000000000	0.0338400000000000	2.09440000000000	0	0	0	0	0.700059101654846
10	200	100	1	0	0	0	0	0.0268888888888889	0	0	0	0	0	0
200	100	100	1	0	0	0	0.0116650000000000	0.0840900000000000	0.520187500000000	0	0	0	0	0
1014	1008	100	1	0	0	0	0.00293000000000000	0.0361200000000000	2.33437500000000	0	0	0	0	0.404485049833887
1000	1008	100	1	0	0	0	0.00244000000000000	0.0296000000000000	1.41446500000000	0	0	0	0	0.585810810810811
1008	2000	100	1	0	0	0	0.00308000000000000	0.0377200000000000	1.82785000000000	0	0	0	0	0.467921527041357
1008	2000	100	1	0	0	0	0.00267000000000000	0.0327200000000000	2.09710000000000	0	0	0	0	0.425122249388753
2000	2008	100	1	0	0	0	0.00232000000000000	0.0281000000000000	1.33989000000000	0	0	0	0	0.496085409252669
2000	2008	100	1	0	0	0	0.00200000000000000	0.0241900000000000	1.52560500000000	0	0	0	0	0.402645721372468
2008	3002	100	1	0	0	0	0.00263000000000000	0.0319400000000000	1.53200000000000	0	0	0	0	0.478083907326237
2008	3002	100	1	0	0	0	0.00234000000000000	0.0285200000000000	1.81218500000000	0	0	0	0	0.459677419354839
2000	2001	100	1	0	0	0	0.000380000000000000	0.00457000000000000	0.214070000000000	0	0	0	0	0
2000	2014	100	1	0	0	0	0.000240000000000000	0.00307000000000000	0.144510000000000	0	0	0	0	0
2000	2014	100	1	0	0	0	0.000240000000000000	0.00307000000000000	0.144510000000000	0	0	0	0	0
1016	1014	100	1	0	0	0	0.000700000000000000	0.00845000000000000	0.395770000000000	0	0	0	0	0
1016	1014	100	1	0	0	0	0.000710000000000000	0.00848000000000000	0.396815000000000	0	0	0	0	0
1014	1000	100	1	0	0	0	0.00151000000000000	0.0182100000000000	0.859050000000000	0	0	0	0	0
1014	1000	100	1	0	0	0	0.00152000000000000	0.0182500000000000	0.860630000000000	0	0	0	0	0
1000	1012	100	1	0	0	0	0.000930000000000000	0.0100000000000000	0.466985000000000	0	0	0	0	0
1000	1012	100	1	0	0	0	0.000930000000000000	0.0100000000000000	0.466985000000000	0	0	0	0	0
1012	1024	100	1	0	0	0	0.000270000000000000	0.00300000000000000	0.140095000000000	0	0	0	0	0
1024	1020	100	1	0	0	0	0.000420000000000000	0.00412000000000000	0.191315000000000	0	0	0	0	0
1012	1026	100	1	0	0	0	0.00217000000000000	0.0235800000000000	1.11530500000000	0	0	0	0	0
1012	1026	100	1	0	0	0	0.00217000000000000	0.0235800000000000	1.11530500000000	0	0	0	0	0
1026	2004	100	1	0	0	0	0.00208500000000000	0.0229100000000000	1.10411375000000	0	0	0	0	0.507202095154954
2004	3000	100	1	0	0	0	0.00156000000000000	0.0170750000000000	0.819775000000000	0	0	0	0	0.680527086383602
3000	3002	100	1	0	0	0	0.000590000000000000	0.00650000000000000	0.301120000000000	0	0	0	0	0
3000	3002	100	1	0	0	0	0.000570000000000000	0.00654000000000000	0.299045000000000	0	0	0	0	0
3000	3004	100	1	0	0	0	0.000630000000000000	0.00679000000000000	0.308625000000000	0	0	0	0	0
3000	3004	100	1	0	0	0	0.000560000000000000	0.00568000000000000	0.296390000000000	0	0	0	0	0
1000	1025	100	1	0	0	0	0.000410000000000000	0.00500000000000000	0.309350000000000	0	0	0	0	0
1025	7002	100	1	0	0	0	0.00384000000000000	0.0484200000000000	3.10500500000000	0	0	0	0	0
7002	7000	100	1	0	0	0	0.00152000000000000	0.0185000000000000	1.09025500000000	0	0	0	0	0
7000	7010	100	1	0	0	0	0.00140000000000000	0.0172200000000000	1.03914500000000	0	0	0	0	0
7000	6010	100	1	0	0	0	0.00263000000000000	0.0281200000000000	1.36883000000000	0	0	0	0	0
6010	6008	100	1	0	0	0	0.00211000000000000	0.0169200000000000	0.774525000000000	0	0	0	0	0
6008	6004	100	1	0	0	0	0.000310000000000000	0.00324000000000000	0.160310000000000	0	0	0	0	0
6004	6000	100	1	0	0	0	0.000120000000000000	0.00131000000000000	0.0649700000000000	0	0	0	0	0
6000	4000	100	1	0	0	0	0.00355000000000000	0.0383800000000000	1.80695000000000	0	0	0	0	0
4000	2090	100	1	0	0	0	0.000700000000000000	0.00831000000000000	0.410120000000000	0	0	0	0	0
2090	2018	100	1	0	0	0	0.00106000000000000	0.0126100000000000	0.624525000000000	0	0	0	0	0
2018	3004	100	1	0	0	0	0.000610000000000000	0.00726000000000000	0.358455000000000	0	0	0	0	0
6000	6006	100	1	0	0	0	0.00108000000000000	0.0112900000000000	0.555940000000000	0	0	0	0	0
6006	8002	100	1	0	0	0	0.00264000000000000	0.0279700000000000	1.37047000000000	0	0	0	0	0.986771540936718
8002	8006	100	1	0	0	0	0.00119000000000000	0.0143400000000000	0.862145000000000	0	0	0	0	0
8002	8012	100	1	0	0	0	0.00131000000000000	0.0137000000000000	0.642865000000000	0	0	0	0	0
8012	8000	100	1	0	0	0	0.00139000000000000	0.0145500000000000	0.683000000000000	0	0	0	0	0
8012	8013	100	1	0	0	0	0.000690000000000000	0.00843000000000000	0.502680000000000	0	0	0	0	0
8000	8007	100	1	0	0	0	0.00226000000000000	0.0278200000000000	1.64832000000000	0	0	0	0	0
8007	8010	100	1	0	0	0	0.00237000000000000	0.0290100000000000	1.73699000000000	0	0	0	0	0
8010	5016	100	1	0	0	0	0.00210000000000000	0.0253800000000000	1.54764000000000	0	0	0	0	0
5016	5004	100	1	0	0	0	0.00116000000000000	0.0138800000000000	0.835235000000000	0	0	0	0	0
5004	5006	100	1	0	0	0	0.00131000000000000	0.0156900000000000	0.945175000000000	0	0	0	0	0
5004	4006	100	1	0	0	0	0.00261000000000000	0.0269300000000000	1.39768000000000	0	0	0	0	0
4006	4010	100	1	0	0	0	0.00276000000000000	0.0287800000000000	1.45466000000000	0	0	0	0	0
4010	4002	100	1	0	0	0	0.00130000000000000	0.0148700000000000	0.743075000000000	0	0	0	0	0
4002	4000	100	1	0	0	0	0.000600000000000000	0.00701000000000000	0.349205000000000	0	0	0	0	0
4002	4000	100	1	0	0	0	0.000550000000000000	0.00702000000000000	0.350650000000000	0	0	0	0	0
4010	4009	100	1	0	0	0	0.000490000000000000	0.00499000000000000	0.256665000000000	0	0	0	0	0
4009	4008	100	1	0	0	0	0.00248000000000000	0.0254300000000000	1.32814500000000	0	0	0	0	0
5004	5005	100	1	0	0	0	0.000420000000000000	0.00501000000000000	0.233985000000000	0	0	0	0	0
5005	5002	100	1	0	0	0	0.00208000000000000	0.0250800000000000	1.18889500000000	0	0	0	0	0
5002	4008	100	1	0	0	0	0.00427000000000000	0.0537200000000000	2.70432500000000	0	0	0	0	0
5002	5030	100	1	0	0	0	0.00225000000000000	0.0275800000000000	1.65730500000000	0	0	0	0	0
5030	4004	100	1	0	0	0	0.00292000000000000	0.0367200000000000	2.29087500000000	0	0	0	0	0
4008	4004	100	1	0	0	0	0.00185000000000000	0.0172700000000000	0.852650000000000	0	0	0	0	0
4008	4004	100	1	0	0	0	0.00185000000000000	0.0172700000000000	0.852650000000000	0	0	0	0	0
4004	2003	100	1	0	0	0	0.00164000000000000	0.0304800000000000	1.14822000000000	0	0	0	0	0
2003	3004	100	1	0	0	0	0.000416953000000000	0.0142263900000000	0.217360000000000	0	0	0	0	0
4004	3004	100	1	0	0	0	0.00244000020000000	0.0348900050000000	1.29014500000000	0	0	0	0	0
19	523	100	1	0	0	0	0.0135000000000000	0.135000000000000	0	0	0	0	0	0
100	102	100	1	0	0	0	0.00423728813559322	0.0423728813559322	0	0	0	0	0	0
200	209	100	1	0	0	0	0.00562500000000000	0.0562500000000000	0	0	0	0	0	0
12	460	100	1	0	0	0	0.00744638500000000	0.135768061666667	0.402937500000000	0	0	0	0	0
12	417	100	1	0	0	0	0.0105735900000000	0.196908930000000	0.268625000000000	0	0	0	0	0
12	415	100	1	0	0	0	0.00768478000000000	0.138465326666667	0.537250000000000	0	0	0	0	0
200	230	100	1	0	0	0	0.00431918000000000	0.0746271933333333	0.537250000000000	0	0	0	0	0
200	220	100	1	0	0	0	0.00272052333333333	0.0479532855555556	0.268625000000000	0	0	0	0	0
1008	614	100	1	0	0	0	0.0105735900000000	0.196908930000000	0.268625000000000	0	0	0	0	0
1016	1611	100	1	0	0	0	0.00178571428571429	0.0178571428571429	0	0	0	0	0	0
1014	1651	100	1	0	0	0	0.00128205128205128	0.0128205128205128	0	0	0	0	0	0
1014	1681	100	1	0	0	0	0.00833333333333333	0.0833333333333333	0	0	0	0	0	0
1000	1661	100	1	0	0	0	0.00119617224880383	0.0119617224880383	0	0	0	0	0	0
1024	1691	100	1	0	0	0	0.00600000000000000	0.0600000000000000	0	0	0	0	0	0
1020	1671	100	1	0	0	0	0.00513698630136986	0.0513698630136986	0	0	0	0	0	0
1014	1711	100	1	0	0	0	0.0105735900000000	0.196908930000000	0.268625000000000	0	0	0	0	0
2014	2629	100	1	0	0	0	0.00411296956402523	0.0411296956402523	0	0	0	0	0	0
2001	2625	100	1	0	0	0	0.00652173913043478	0.0652173913043478	0	0	0	0	0	0
2000	2351	100	1	0	0	0	0.00272052333333333	0.0479532855555556	0.268625000000000	0	0	0	0	0
2000	2361	100	1	0	0	0	0.00816157000000000	0.143859856666667	0.805875000000000	0	0	0	0	0
2008	2721	100	1	0	0	0	0.00720799000000000	0.133070796666667	0.268625000000000	0	0	0	0	0
3000	3601	100	1	0	0	0	0.000312500000000000	0.00312500000000000	0	0	0	0	0	0
2003	2695	100	1	0	0	0	0.00245098039215686	0.0245098039215686	0	0	0	0	0	0
2018	2620	100	1	0	0	0	0.00181818181818182	0.0181818181818182	0	0	0	0	0	0
2090	2694	100	1	0	0	0	0.00139896373056995	0.0139896373056995	0	0	0	0	0	0
4000	4695	100	1	0	0	0	0.000924657534246575	0.00924657534246575	0	0	0	0	0	0
4008	4601	100	1	0	0	0	0.000833333333333333	0.00833333333333333	0	0	0	0	0	0
5002	5671	100	1	0	0	0	0.000543478260869565	0.00543478260869565	0	0	0	0	0	0
6004	6600	100	1	0	0	0	0.00196463654223969	0.0196463654223969	0	0	0	0	0	0
6008	6671	100	1	0	0	0	0.00357142857142857	0.0357142857142857	0	0	0	0	0	0
8000	8614	100	1	0	0	0	0.00306122448979592	0.0306122448979592	0	0	0	0	0	0
8007	8622	100	1	0	0	0	0.00394736842105263	0.0394736842105263	0	0	0	0	0	0
8006	8311	100	1	0	0	0	0.00720799000000000	0.133070796666667	0.268625000000000	0	0	0	0	0
7010	7111	100	1	0	0	0	0.00552519000000000	0.101151730000000	0.268625000000000	0	0	0	0	0
8007	8511	100	1	0	0	0	0.00552519000000000	0.101151730000000	0.268625000000000	0	0	0	0	0


19	100	1	50	0	-0.500000000000000	1
15	100	1	50	0	-2	1
12	100	1	50	0	-2.50000000000000	1
3002	100	1	50	0	3	1
5005	100	1	50	0	2	1
5006	100	1	50	0	1	1
7002	100	1	50	0	1	1
7000	100	1	50	0	1	1


3601	4800	1	1.03000000000000	0.174532925199433	0	0	0	0	0	0	0	1


523	111.111111111111	1	0.700000000000000	1.03000000000000
102	354	1	0.714285714285714	1.03000000000000
209	266.666666666667	1	0.700000000000000	1.03000000000000
1611	840	1	0.700000000000000	1.03000000000000
1651	1170	1	0.884615384615385	1.03000000000000
1681	180	1	0.944444444444444	1.03000000000000
1661	1254	1	0.878378378378378	1.03000000000000
1691	250	1	0.700000000000000	1.03000000000000
1671	292	1	0.821917808219178	1.03000000000000
2629	364.700000000000	1	0.700000000000000	1.03000000000000
2625	230	1	0.700000000000000	1.03000000000000
3601	4800	1	0.800000000000000	1.03000000000000
2695	612	1	0.718954248366013	1.03000000000000
2620	825	1	0.800000000000000	1.03000000000000
2694	1072.22222222222	1	0.700000000000000	1.03000000000000
4695	1622.22222222222	1	0.718954248366013	1.03000000000000
4601	1800	1	0.833333333333333	1.03000000000000
5671	2760	1	0.782608695652174	1.03000000000000
6600	763.500000000000	1	0.889325474787164	1.03000000000000
6671	420	1	0.809523809523810	1.03000000000000
8614	490	1	0.700000000000000	1.03000000000000
8622	380	1	0.777777777777778	1.03000000000000
460	166.666666666667	1	0.900000000000000	1.03000000000000
417	111.111111111111	1	0.855000000000000	1.03000000000000
415	166.666666666667	1	0.810000000000000	1.03000000000000
230	333.333333333333	1	0.765000000000000	1.03000000000000
220	500	1	0.720000000000000	1.03000000000000
614	111.111111111111	1	0.675000000000000	1.03000000000000
1711	111.111111111111	1	0.630000000000000	1.03000000000000
2351	500	1	0.585000000000000	1.03000000000000
2361	166.666666666667	1	0.540000000000000	1.03000000000000
2721	166.666666666667	1	0.495000000000000	1.03000000000000
8311	166.666666666667	1	0.450000000000000	1.03000000000000
7111	222.222222222222	1	0.800000000000000	1.03000000000000
8511	222.222222222222	1	0.800000000000000	1.03000000000000


12	100	1	1	0.328684105178863
200	100	1	7.50000000000000	2.46513078884148
1008	100	1	1	0.328684105178863
1026	100	1	2	0.657368210357726
2000	100	1	5	1.64342052589432
2008	100	1	4	1.31473642071545
2004	100	1	3	0.986052315536590
3002	100	1	30	9.86052315536590
3004	100	1	31	10.1892072605448
2003	100	1	3	0.986052315536590
2090	100	1	3	0.986052315536590
7002	100	1	1	0.328684105178863
7000	100	1	3	0.986052315536590
7010	100	1	4	1.31473642071545
8000	100	1	7	2.30078873625204
8006	100	1	2	0.657368210357726
8002	100	1	1	0.328684105178863
8013	100	1	3	0.986052315536590
8010	100	1	1	0.328684105178863
6000	100	1	4	1.31473642071545
6006	100	1	7	2.30078873625204
6010	100	1	3	0.986052315536590
5004	100	1	5	1.64342052589432
5005	100	1	3	0.986052315536590
5006	100	1	3	0.986052315536590
5016	100	1	3	0.986052315536590
5002	100	1	2	0.657368210357726
5030	100	1	2	0.657368210357726
4004	100	1	3	0.986052315536590
4009	100	1	3	0.986052315536590
4010	100	1	7	2.30078873625204
4000	100	1	13	4.27289336732522
4008	100	1	3	0.986052315536590
