1	5	100	20	60	0	0.0869565217391304	0	0.0166666666666667	0	0	0	0	0	0	1
2	6	100	20	60	0	0.0869565217391304	0	0.0166666666666667	0	0	0	0	0	0	1
3	11	100	20	60	0	0.0869565217391304	0	0.0166666666666667	0	0	0	0	0	0	1
4	10	100	20	60	0	0.0869565217391304	0	0.0166666666666667	0	0	0	0	0	0	1
5	6	100	230	60	0	0	0.00250000000000000	0.0250000000000000	0.0437500000000000	0	0	0	0	0	1
6	7	100	230	60	0	0	0.00100000000000000	0.0100000000000000	0.0175000000000000	0	0	0	0	0	1
7	8	100	230	60	0	0	0.0110000000000000	0.110000000000000	0.192500000000000	0	0	0	0	0	1
7	8	100	230	60	0	0	0.0110000000000000	0.110000000000000	0.192500000000000	0	0	0	0	0	1
8	9	100	230	60	0	0	0.0110000000000000	0.110000000000000	0.192500000000000	0	0	0	0	0	1
8	9	100	230	60	0	0	0.0110000000000000	0.110000000000000	0.192500000000000	0	0	0	0	0	1
9	10	100	230	60	0	0	0.00100000000000000	0.0100000000000000	0.0175000000000000	0	0	0	0	0	1
10	11	100	230	60	0	0	0.00250000000000000	0.0250000000000000	0.0437500000000000	0	0	0	0	0	1
 

7	100	230	60	0	2	1
9	100	230	60	0	3.50000000000000	1


3	100	20	1.03000000000000	-0.118682389135614	0	0	0	0	0	0	0	1


1	100	20	7	1.03000000000000	0	0	0	0	0	1
2	100	20	7	1.01000000000000	0	0	0	0	0	1
4	100	20	7	1.01000000000000	0	0	0	0	0	1


7	100	230	9.67000000000000	1	0	0	0	1
9	100	230	17.6700000000000	1	0	0	0	1